9.981431492982673070e-01
9.980630758240742750e-01
9.981464312091632429e-01
9.951578206300784046e-01
9.984439636641535554e-01
9.972336740823071199e-01
9.940009476867914806e-01
9.961789018199748158e-01
9.954766192702950711e-01
9.963370528716003482e-01
9.958858142440080163e-01
9.999999999999997780e-01
1.000000000000000000e+00
9.969363770091952404e-01
9.969666842725616318e-01
9.953028700050802202e-01
9.980049231310939017e-01
9.984686435313531172e-01
9.977791740025605538e-01
9.980372899619993632e-01
9.975915643836789082e-01
9.934620498707473768e-01
9.959455722026100410e-01
9.938744885415993213e-01
9.976629252937876391e-01
9.982751656590115319e-01
9.974379441047680483e-01
9.974515933052545691e-01
9.967136918135290902e-01
1.000000000000000000e+00
1.000000000000000000e+00
9.971290949278717175e-01
9.964298968219442720e-01
9.971269482744657964e-01
9.974702350381965399e-01
9.970055728464659595e-01
9.974212964442425999e-01
9.980203113420749172e-01
9.981028089417443017e-01
9.981944060221118464e-01
1.000000000000000000e+00
9.982382871037750460e-01
9.970780469502368293e-01
1.000000000000000000e+00
1.000000000000000000e+00
9.972832971730491991e-01
9.961958371039996152e-01
9.971452438419620146e-01
9.970204202318637687e-01
9.974551543285964383e-01
9.973632952292841303e-01
9.973297813934017819e-01
9.969037669620695041e-01
9.980669556709551582e-01
1.000000000000000222e+00
9.978396599884161722e-01
9.964730239220772612e-01
9.963008757902944712e-01
9.970154678724478803e-01
9.958768947344516231e-01
9.983052376456438282e-01
9.981179670076478772e-01
9.981669634686758386e-01
9.975178817301888490e-01
9.970698928453765042e-01
1.000000000000000000e+00
9.963039172678682664e-01
9.956243759569960439e-01
9.968888660376153954e-01
9.964305878674433181e-01
9.956976716448562303e-01
9.948945341964090527e-01
9.949596600848360506e-01
9.963436896607857918e-01
9.970638718934845546e-01
9.978896706506363845e-01
9.979096703228307330e-01
1.000000000000000000e+00
9.966145661962766411e-01
9.968103372031387188e-01
9.964537721289037364e-01
9.965830279014235016e-01
9.972178722860896016e-01
9.974192693540432364e-01
1.000000000000000000e+00
9.977487658620882716e-01
9.975454743621907649e-01
9.978248937492967263e-01
9.973330920410696798e-01
9.972371179266981134e-01
9.972294526821665617e-01
9.971507901745445546e-01
9.976520472864560674e-01
9.977149692368760814e-01
9.971681230146240971e-01
9.966570776062487758e-01
9.976814097279147475e-01
9.970254460489107462e-01
9.970522587241521517e-01
9.970006193953404594e-01
9.976086154922064742e-01
9.979350953257344337e-01
9.975391241191938763e-01
9.980790186413939225e-01
9.974434474049039823e-01
9.980855179924432719e-01
9.961527915594843297e-01
9.979417750466424986e-01
9.977241205253515322e-01
9.959861212511073036e-01
9.977134415666070177e-01
9.982824432277136451e-01
9.970157454275674347e-01
9.976894047927913345e-01
9.979484928955023593e-01
9.975740357880654718e-01
9.984280637214040244e-01
9.969753545864732391e-01
9.985702967999974256e-01
9.952796385985978045e-01
9.957969153473889001e-01
9.979336097235897984e-01
9.973137945488350642e-01
9.977328224016357439e-01
9.965284671253220594e-01
9.963315942591668417e-01
9.973365179942179637e-01
9.983107716998727010e-01
9.954150685146629929e-01
9.934287749359342889e-01
9.977561858094037284e-01
9.968972198896277614e-01
9.967114113004076348e-01
9.982673338752983128e-01
9.980987914778945980e-01
9.982916720574789293e-01
9.982187569860782039e-01
9.970259403109575924e-01
9.968251867777544462e-01
9.965004763669693677e-01
9.982606088249124099e-01
9.979203678096046914e-01
9.942666230841857855e-01
9.949187153994751842e-01
9.968381903204024397e-01
9.963600628429775119e-01
9.964419266189965541e-01
9.960642131855108605e-01
9.980691150042600990e-01
9.979150644122642966e-01
9.975199502882360347e-01
9.980117956401326484e-01
9.981091625408673451e-01
9.970538505956371145e-01
9.967064863988981394e-01
9.974022212602062787e-01
9.966503142118200431e-01
9.980662524360364163e-01
9.985526220639464601e-01
9.985612434317382435e-01
9.963047357817133021e-01
9.964831857084404110e-01
9.985551397998957412e-01
9.967094369105804486e-01
9.972617317878219589e-01
9.974848444957105098e-01
9.970928449531253346e-01
9.973199204123988082e-01
9.975906162550348677e-01
9.974992954326858952e-01
9.967354550904892196e-01
9.971914274881087392e-01
9.970197293984283116e-01
9.974569024144672724e-01
9.972103368088599540e-01
9.982559215657242913e-01
9.983524727300161494e-01
9.985972822533811799e-01
9.968490655325816796e-01
9.973702221492550812e-01
9.971337899271381922e-01
9.970830510749422171e-01
9.980289390352459211e-01
9.980221911856570483e-01
9.979828613352873523e-01
9.969728304129616969e-01
9.975381533462406303e-01
9.972220575282563226e-01
9.968296961274829560e-01
9.978673391150104655e-01
9.978208838687665505e-01
9.972310490432683139e-01
9.970777528546110879e-01
9.971324238403140860e-01
9.976803463663819205e-01
9.973338206643723725e-01
9.979583658858182105e-01
9.974042529083232411e-01
9.971419730802884018e-01
9.974462710195537429e-01
9.967722061869466188e-01
9.973439083744801703e-01
9.950610640153032538e-01
9.976243019250774502e-01
9.977587260275881942e-01
9.981716108691840450e-01
9.975088713056067258e-01
9.974909146231918378e-01
9.978319943228752820e-01
9.987030015491048518e-01
9.972561018106451680e-01
9.976711305969448995e-01
9.978055737886750709e-01
9.951888325789236545e-01
9.960515961247942140e-01
9.977492250384354389e-01
9.945553137001827970e-01
9.954391638514632490e-01
9.964408179244126362e-01
9.966581736694046789e-01
9.975322717645029869e-01
9.971783763373758269e-01
9.968966916719632643e-01
9.965638993374318355e-01
9.967741215071087568e-01
9.930182527687876348e-01
9.940177568605331748e-01
9.933215228235323657e-01
9.940017475235740640e-01
9.987478419201525348e-01
1.000000000000000000e+00
1.000000000000000000e+00
9.965456450203473704e-01
9.957383787663021124e-01
9.973782699992637113e-01
9.975416097285720873e-01
9.986949600439225527e-01
9.983278038534271204e-01
9.984552219466938938e-01
1.000000000000000000e+00
1.000000000000000222e+00
9.958761137554454912e-01
9.942270588624351202e-01
9.963297793450649475e-01
9.965835737033413855e-01
9.951404720376534341e-01
9.970100425609548234e-01
9.964019216420869629e-01
9.982216947912080363e-01
9.982329828950466943e-01
9.949063821742197833e-01
9.972438308173144916e-01
9.974992977819061579e-01
9.966976284443684886e-01
9.959173529115318280e-01
9.955743606303213422e-01
9.973652264101169340e-01
9.972969112826848281e-01
9.961273037152932330e-01
9.965767885001137749e-01
9.966811673527412596e-01
9.965144476055562972e-01
9.973632620489008005e-01
9.976739657378941306e-01
9.975754213298273498e-01
9.979573599970461562e-01
9.968056409418961650e-01
9.961922369900351182e-01
9.969253732921943278e-01
9.977431419360178744e-01
9.985030193220978401e-01
9.977917519128566282e-01
9.972288474171673300e-01
9.974080827530886761e-01
9.972907010812090967e-01
9.966194959681333732e-01
9.967218762083600581e-01
9.969777994447075464e-01
9.980586708621430603e-01
9.984838740841336380e-01
9.983529622650231250e-01
9.973815291474938949e-01
9.963744729986413473e-01
9.978671157115337476e-01
9.963975478405178166e-01
9.980495804303913809e-01
9.955832459437443660e-01
9.961981360050080614e-01
9.966879895479801021e-01
9.960841227680101717e-01
9.966666942116899630e-01
9.967092271319258900e-01
9.984434386072945644e-01
9.981381032347617088e-01
9.971298596810623804e-01
9.962373133901107902e-01
9.958028654470660879e-01
9.965664184292999384e-01
9.948176314870402770e-01
9.946204213573248687e-01
9.961648320859621819e-01
9.973811192066994735e-01
9.975446711059006155e-01
9.966389118405960534e-01
9.968829106822665320e-01
9.967990232682097940e-01
9.978910897036629146e-01
9.973578632809829703e-01
9.971418105340987825e-01
9.972718048566617810e-01
9.976511905465914598e-01
9.976669294951217015e-01
9.977477076475939066e-01
9.979407184259325714e-01
9.982913936994383119e-01
9.979818254665080435e-01
9.976830506193941073e-01
9.980584647422542366e-01
9.972959951037310145e-01
9.982362201471612906e-01
9.979542703414339133e-01
9.981551871394709341e-01
9.977538179568352650e-01
9.978262391611595339e-01
9.980747049845550833e-01
9.980659735936190380e-01
9.972418757327563554e-01
9.968446411394120688e-01
9.981447915231118628e-01
9.977915761622704327e-01
9.976114019322803728e-01
9.952126556683493774e-01
9.954966432919691854e-01
9.977237388384223582e-01
9.976930692622957286e-01
9.979129828868029684e-01
9.972135542985943735e-01
9.973703408116314506e-01
9.969943098610509757e-01
9.981652908668153801e-01
9.959672379654653795e-01
9.965455968088117178e-01
9.959032329996591049e-01
9.965753494190813244e-01
9.979253202469494655e-01
9.978904307864313594e-01
9.956688992976305830e-01
9.960154766800547455e-01
9.969483461320987061e-01
9.969945197589330510e-01
9.965827980530725938e-01
9.970359589638705389e-01
9.958540414538290531e-01
9.961265886367125511e-01
9.959586279049048585e-01
9.966042621698549819e-01
9.974802246332028499e-01
9.970791455366505573e-01
9.972183844098232441e-01
9.970018200242041218e-01
9.978097835789982994e-01
9.947066680504630387e-01
9.957673071457471270e-01
9.960685350253626336e-01
9.964345084954192577e-01
9.965246006962129588e-01
9.964573827195899458e-01
9.972810749744756009e-01
1.000000000000000000e+00
1.000000000000000000e+00
9.981039673709336535e-01
9.977760558532142721e-01
