#acepted run list for LMC
68608
68609
68610
55299
68611
61445
91137
91138
80905
80907
55315
61460
61461
61462
61463
61464
68630
68639
68640
68641
68642
61482
61483
61484
68659
68660
80949
80951
80952
61497
61498
61499
61501
61502
61503
61504
61505
68674
68675
68676
61517
68685
61520
61534
61535
61536
61537
61538
61539
61540
61541
61542
61543
91248
61555
50295
61560
61561
61562
61563
50304
50305
50306
56448
56449
61574
61575
61576
61577
61578
61579
61580
61581
61582
61583
50320
50321
61595
61600
61601
61602
61603
61604
61605
61616
37043
37053
37054
61632
37066
80078
37077
37078
37079
61657
61658
37085
56550
61675
61676
91373
91374
68847
91377
37107
80116
61689
61690
80122
55550
68863
68864
56578
61702
61703
42252
80148
68884
68904
42286
42287
91440
68917
61750
68918
56631
68922
68937
42314
42316
104785
104787
50521
68955
68956
68957
68958
49512
49513
49514
68978
68979
50549
42362
49533
49534
49535
49536
104840
69000
69001
69002
69003
49552
49553
49554
49555
69019
69020
69021
61854
61855
69022
49570
49571
49572
49573
49574
90535
90536
90537
61866
61867
90538
90539
69035
69036
69037
49592
49593
49594
49595
69054
69055
69070
49617
49618
49619
49620
49643
49644
49645
49646
49647
49661
49662
49663
49664
49665
55812
55813
55823
55824
49686
49687
49688
49689
49690
80406
80411
102936
55852
61998
62000
62001
62002
55865
55866
55867
55868
55869
49732
49733
49734
49735
55877
55878
55879
55882
102990
61008
61009
61010
61011
49753
49754
105053
105056
105058
61026
61028
61029
55910
55911
55912
55913
49770
62056
62058
62059
61030
55935
54915
43654
43655
43656
103056
103057
55976
55977
55978
55979
55980
103095
103096
103097
56000
56001
56002
56003
105155
78534
78536
78541
78545
56026
56027
56028
56029
77542
77543
77544
56051
42751
42752
56075
48923
49959
48942
48943
48944
80696
42813
42814
42815
49984
42816
48964
48965
48966
48967
80722
80724
50008
48986
48987
80739
80743
43880
80745
80749
49007
49008
80754
49030
36743
36744
36745
36746
68491
68492
68493
68494
68495
68496
68497
36747
80797
36766
80800
80803
56231
56232
49066
68525
68526
68527
68528
68529
36790
55239
68552
55240
55241
36816
36817
56283
56284
56285
68574
68575
55260
55261
55262
55263
55264
91111
91112
91113
91114
91115
56301
56302
55282
55283
55284
55285
55286
61429
61430
68602
68607
